7 11 0 5 6 0 1 6 6 1 2 6 6 2 3 6 6 3 4 6 6 4 5 6
7 10 0 5 6 0 5 1 1 6 2 6 6 2 3 6 6 3 4 6 6 4
7 11 0 5 6 0 1 5 5 1 2 6 6 2 3 6 6 3 4 6 6 4 5 6
7 11 5 0 0 6 1 5 5 1 2 6 6 2 3 6 6 3 4 6 6 4 6 5
7 11 0 5 6 0 1 5 6 1 2 6 6 2 3 6 6 3 4 6 6 4 5 6
7 11 5 0 0 6 5 1 1 6 2 6 6 2 3 6 6 3 4 6 6 4 6 5
7 10 0 5 6 0 5 1 1 6 2 5 5 2 3 6 6 3 4 6 6 4
7 11 0 5 6 0 1 5 5 1 2 5 5 2 3 6 6 3 4 6 6 4 5 6
7 10 0 5 6 0 1 5 6 1 5 2 2 6 3 6 6 3 4 6 6 4
7 10 0 5 6 0 5 1 1 6 5 2 2 6 3 6 6 3 4 6 6 4
7 11 0 5 6 0 1 5 6 1 2 5 5 2 3 6 6 3 4 6 6 4 5 6
7 11 5 0 0 6 5 1 1 6 2 5 5 2 3 6 6 3 4 6 6 4 6 5
7 11 0 5 6 0 1 5 6 1 2 5 6 2 3 6 6 3 4 6 6 4 5 6
7 11 5 0 0 6 5 1 1 6 5 2 2 6 3 6 6 3 4 6 6 4 6 5
7 10 0 5 6 0 1 5 6 1 5 2 2 6 3 5 5 3 4 6 6 4
7 10 0 5 6 0 1 5 6 1 2 5 6 2 5 3 3 6 4 6 6 4
7 10 0 5 6 0 1 5 6 1 5 2 2 6 5 3 3 6 4 6 6 4
7 10 0 5 6 0 5 1 1 6 5 2 2 6 5 3 3 6 4 6 6 4
7 11 0 5 6 0 1 5 6 1 2 5 6 2 3 5 5 3 4 6 6 4 5 6
7 11 0 5 6 0 1 5 6 1 2 5 6 2 3 5 6 3 4 6 6 4 5 6
7 11 5 0 0 6 5 1 1 6 5 2 2 6 5 3 3 6 4 6 6 4 6 5
7 10 0 5 6 0 1 5 6 1 2 5 6 2 3 5 6 3 5 4 4 6
7 10 0 5 6 0 1 5 6 1 2 5 6 2 5 3 3 6 5 4 4 6
7 11 0 5 6 0 1 5 6 1 2 5 6 2 3 5 6 3 4 5 6 4 5 6
7 11 0 4 6 0 1 5 5 1 1 6 6 1 2 6 6 2 3 6 6 3 4 6
7 10 0 4 6 0 1 5 6 1 2 6 6 2 3 6 6 3 4 6 5 6
7 13 0 4 4 0 0 6 6 0 1 5 6 1 2 6 6 2 3 6 6 3 4 6 6 4 5 6
7 10 0 4 4 0 0 5 6 0 5 1 1 6 2 6 6 2 3 6 6 3
7 10 0 4 4 0 5 0 0 6 1 5 6 1 2 6 6 2 3 6 6 3
7 11 0 4 0 5 5 0 6 0 1 5 5 1 2 6 6 2 3 6 6 3 4 6
7 11 4 0 0 5 5 0 0 6 1 5 5 1 2 6 6 2 3 6 6 3 6 4
7 9 0 4 5 0 1 5 6 1 2 6 6 2 3 6 6 3 4 6
7 11 0 4 4 0 0 5 6 0 1 5 5 1 2 6 6 2 3 6 6 3 5 6
7 10 0 4 0 5 6 0 5 1 1 6 2 6 6 2 3 6 6 3 4 6
7 10 4 0 5 0 0 6 1 5 6 1 2 6 6 2 3 6 6 3 6 4
7 11 0 4 4 0 0 5 6 0 1 5 6 1 2 6 6 2 3 6 6 3 5 6
7 11 0 4 4 0 5 0 0 6 5 1 1 6 2 6 6 2 3 6 6 3 6 5
7 10 0 4 4 0 0 6 6 0 1 5 6 1 5 2 2 6 3 6 6 3
7 11 0 4 6 0 1 5 5 1 1 6 6 1 2 5 5 2 3 6 6 3 4 6
7 11 0 4 4 0 0 6 6 0 1 5 6 1 2 5 5 2 3 6 6 3 5 6
7 11 0 4 4 0 0 6 6 0 5 1 1 6 2 5 5 2 3 6 6 3 6 5
7 11 0 4 6 0 1 5 5 1 2 5 5 2 3 6 6 3 4 6 5 6 6 5
7 9 0 4 6 0 1 5 6 1 5 2 2 6 3 6 6 3 4 6
7 13 0 4 6 0 1 5 5 1 1 6 6 1 2 5 5 2 2 6 6 2 3 6 6 3 4 6
7 12 0 4 4 0 0 6 6 0 1 5 6 1 5 2 2 6 3 6 6 3 4 6 6 4
7 11 0 4 4 0 0 6 6 0 1 5 6 1 2 5 6 2 3 6 6 3 5 6
7 11 0 4 4 0 0 6 6 0 5 1 1 6 5 2 2 6 3 6 6 3 6 5
7 10 0 4 6 0 1 5 6 1 2 5 5 2 3 6 6 3 4 6 5 6
7 10 0 4 6 0 5 1 1 6 2 5 5 2 3 6 6 3 4 6 6 5
7 13 0 4 6 0 1 5 5 1 1 6 6 1 2 5 5 2 3 6 6 3 4 6 5 6 6 5
7 13 0 4 4 0 0 6 6 0 1 5 6 1 2 5 5 2 3 6 6 3 4 6 6 4 5 6
7 13 0 4 4 0 0 6 6 0 5 1 1 6 2 5 5 2 3 6 6 3 4 6 6 4 6 5
7 10 0 4 6 0 1 5 6 1 2 5 6 2 3 6 6 3 4 6 5 6
7 10 0 4 6 0 5 1 1 6 5 2 2 6 3 6 6 3 4 6 6 5
7 15 0 4 6 0 1 5 5 1 1 6 6 1 2 5 5 2 2 6 6 2 3 6 6 3 4 6 5 6 6 5
7 13 0 4 4 0 0 6 6 0 1 5 6 1 2 5 6 2 3 6 6 3 4 6 6 4 5 6
7 13 0 4 4 0 0 6 6 0 5 1 1 6 5 2 2 6 3 6 6 3 4 6 6 4 6 5
7 11 0 4 5 0 0 6 6 0 1 6 6 1 2 6 6 2 3 6 6 3 4 5
7 11 0 4 5 0 6 0 1 6 6 1 2 6 6 2 3 6 6 3 4 5 4 6
7 9 0 4 5 0 1 5 6 1 2 5 5 2 3 6 6 3 4 6
7 10 0 4 4 0 0 5 6 0 1 5 6 1 5 2 2 6 3 6 6 3
7 10 0 4 4 0 0 5 6 0 5 1 1 6 5 2 2 6 3 6 6 3
7 10 0 4 4 0 5 0 0 6 1 5 6 1 2 5 6 2 3 6 6 3
7 10 0 4 4 0 5 0 0 6 1 5 6 1 5 2 2 6 3 6 6 3
7 10 0 4 0 5 6 0 5 1 1 6 2 5 5 2 3 6 6 3 4 6
7 10 4 0 5 0 0 6 1 5 6 1 2 5 5 2 3 6 6 3 6 4
7 9 0 4 5 0 1 5 6 1 2 5 6 2 3 6 6 3 4 6
7 9 0 4 5 0 1 5 6 1 5 2 2 6 3 6 6 3 4 6
7 9 4 0 0 5 1 5 6 1 5 2 2 6 3 6 6 3 6 4
7 9 4 0 0 5 5 1 1 6 5 2 2 6 3 6 6 3 6 4
7 11 0 4 4 0 0 5 6 0 1 5 6 1 2 5 5 2 3 6 6 3 5 6
7 11 0 4 0 5 6 0 1 5 5 1 2 5 5 2 3 6 6 3 4 6 5 6
7 11 4 0 5 0 0 6 1 5 5 1 2 5 5 2 3 6 6 3 6 4 6 5
7 10 0 4 5 0 5 1 1 6 2 5 5 2 3 6 6 3 4 6 6 5
7 10 0 4 0 5 6 0 5 1 1 6 5 2 2 6 3 6 6 3 4 6
7 10 4 0 5 0 0 6 1 5 6 1 2 5 6 2 3 6 6 3 6 4
7 11 0 4 4 0 0 5 6 0 1 5 6 1 2 5 6 2 3 6 6 3 5 6
7 11 0 4 4 0 5 0 0 6 5 1 1 6 5 2 2 6 3 6 6 3 6 5
7 10 0 4 5 0 5 1 1 6 5 2 2 6 3 6 6 3 4 6 6 5
7 10 4 0 0 5 1 5 6 1 2 5 6 2 3 6 6 3 6 4 5 6
7 10 0 4 4 0 0 6 6 0 1 5 6 1 5 2 2 6 3 5 5 3
7 11 0 4 6 0 1 5 5 1 1 6 6 1 2 5 5 2 3 5 5 3 4 6
7 10 0 4 4 0 0 6 6 0 1 5 6 1 2 5 6 2 5 3 3 6
7 10 0 4 4 0 0 6 6 0 1 5 6 1 5 2 2 6 5 3 3 6
7 9 0 4 6 0 1 5 6 1 5 2 2 6 3 5 5 3 4 6
7 13 0 4 6 0 1 5 5 1 1 6 6 1 2 5 5 2 2 6 6 2 3 5 5 3 4 6
7 12 0 4 4 0 0 6 6 0 1 5 6 1 5 2 2 6 3 5 5 3 4 6 6 4
7 11 0 4 4 0 0 6 6 0 1 5 6 1 2 5 6 2 3 5 5 3 5 6
7 11 0 4 4 0 0 6 6 0 5 1 1 6 5 2 2 6 3 5 5 3 6 5
7 10 0 4 6 0 1 5 6 1 2 5 5 2 3 5 5 3 4 6 5 6
7 10 0 4 6 0 5 1 1 6 2 5 5 2 3 5 5 3 4 6 6 5
7 13 0 4 6 0 1 5 5 1 1 6 6 1 2 5 5 2 3 5 5 3 4 6 5 6 6 5
7 13 0 4 4 0 0 6 6 0 1 5 6 1 2 5 5 2 3 5 5 3 4 6 6 4 5 6
7 13 0 4 4 0 0 6 6 0 5 1 1 6 2 5 5 2 3 5 5 3 4 6 6 4 6 5
7 9 0 4 6 0 1 5 6 1 2 5 6 2 5 3 3 6 4 6
7 9 0 4 6 0 1 5 6 1 5 2 2 6 5 3 3 6 4 6
7 15 0 4 6 0 1 5 5 1 1 6 6 1 2 5 5 2 2 6 6 2 3 5 5 3 3 6 6 3 4 6
7 12 0 4 4 0 0 6 6 0 1 5 6 1 2 5 6 2 5 3 3 6 4 6 6 4
7 12 0 4 4 0 0 6 6 0 1 5 6 1 5 2 2 6 5 3 3 6 4 6 6 4
7 11 0 4 4 0 0 6 6 0 1 5 6 1 2 5 6 2 3 5 6 3 5 6
7 11 0 4 4 0 0 6 6 0 5 1 1 6 5 2 2 6 5 3 3 6 6 5
7 10 0 4 6 0 1 5 6 1 2 5 6 2 3 5 5 3 4 6 5 6
7 10 0 4 6 0 5 1 1 6 5 2 2 6 3 5 5 3 4 6 6 5
7 15 0 4 6 0 1 5 5 1 1 6 6 1 2 5 5 2 2 6 6 2 3 5 5 3 4 6 5 6 6 5
7 13 0 4 4 0 0 6 6 0 1 5 6 1 2 5 6 2 3 5 5 3 4 6 6 4 5 6
7 13 0 4 4 0 0 6 6 0 5 1 1 6 5 2 2 6 3 5 5 3 4 6 6 4 6 5
7 10 0 4 6 0 1 5 6 1 2 5 6 2 3 5 6 3 4 6 5 6
7 10 0 4 6 0 5 1 1 6 5 2 2 6 5 3 3 6 4 6 6 5
7 17 0 4 6 0 1 5 5 1 1 6 6 1 2 5 5 2 2 6 6 2 3 5 5 3 3 6 6 3 4 6 5 6 6 5
7 13 0 4 4 0 0 6 6 0 1 5 6 1 2 5 6 2 3 5 6 3 4 6 6 4 5 6
7 13 0 4 4 0 0 6 6 0 5 1 1 6 5 2 2 6 5 3 3 6 4 6 6 4 6 5
7 10 0 4 5 0 0 6 1 5 6 1 2 6 6 2 3 6 6 3 4 5
7 10 4 0 0 5 6 0 5 1 1 6 2 6 6 2 3 6 6 3 5 4
7 11 0 4 5 0 6 0 1 5 5 1 2 6 6 2 3 6 6 3 4 5 4 6
7 10 0 4 4 0 0 5 6 0 1 5 6 1 2 5 6 2 5 3 3 6
7 10 0 4 4 0 0 5 6 0 1 5 6 1 5 2 2 6 5 3 3 6
7 10 0 4 4 0 0 5 6 0 5 1 1 6 5 2 2 6 5 3 3 6
7 10 0 4 0 5 6 0 5 1 1 6 5 2 2 6 3 5 5 3 4 6
7 10 4 0 5 0 0 6 1 5 6 1 2 5 6 2 3 5 5 3 6 4
7 9 0 4 5 0 1 5 6 1 2 5 6 2 3 5 6 3 4 6
7 9 0 4 5 0 1 5 6 1 2 5 6 2 5 3 3 6 4 6
7 9 0 4 5 0 1 5 6 1 5 2 2 6 5 3 3 6 4 6
7 10 0 4 0 5 6 0 5 1 1 6 5 2 2 6 5 3 3 6 4 6
7 10 4 0 5 0 0 6 1 5 6 1 2 5 6 2 3 5 6 3 6 4
7 11 0 4 4 0 0 5 6 0 1 5 6 1 2 5 6 2 3 5 6 3 5 6
7 10 0 4 5 0 5 1 1 6 5 2 2 6 5 3 3 6 4 6 6 5
7 10 0 4 0 5 6 0 4 1 5 1 1 6 2 6 6 2 3 6 6 3
7 10 0 4 5 0 0 6 4 1 1 5 6 1 2 6 6 2 3 6 6 3
7 10 0 4 5 0 6 0 4 1 1 5 2 6 6 2 3 6 6 3 4 6
7 12 0 4 0 5 6 0 1 4 1 5 6 1 2 6 6 2 3 6 6 3 4 6 5 6
7 8 0 4 5 0 4 1 1 6 2 5 6 2 3 6 6 3
7 9 0 4 5 0 1 4 4 1 2 5 6 2 3 6 6 3 4 6
7 10 0 4 5 0 1 4 4 1 2 5 5 2 3 6 6 3 4 6 6 5
7 9 0 4 0 5 6 0 4 1 1 6 5 2 2 6 3 6 6 3
7 9 4 0 5 0 0 6 1 4 6 1 2 5 6 2 3 6 6 3
7 11 0 4 0 5 5 0 6 0 1 4 6 1 2 5 5 2 3 6 6 3 4 6
7 11 4 0 0 5 5 0 0 6 4 1 1 6 2 5 5 2 3 6 6 3 6 4
7 10 0 4 0 5 6 0 1 4 4 1 5 2 2 6 3 6 6 3 4 6
7 10 4 0 5 0 0 6 1 4 4 1 2 5 6 2 3 6 6 3 6 4
7 9 0 4 5 0 1 4 6 1 2 5 6 2 3 6 6 3 4 6
7 9 4 0 0 5 4 1 1 6 5 2 2 6 3 6 6 3 6 4
7 11 0 4 0 5 6 0 1 4 4 1 2 5 5 2 3 6 6 3 4 6 5 6
7 11 4 0 5 0 0 6 1 4 4 1 2 5 5 2 3 6 6 3 6 4 6 5
7 10 0 4 5 0 1 4 6 1 2 5 5 2 3 6 6 3 4 6 6 5
7 10 4 0 0 5 4 1 1 6 2 5 5 2 3 6 6 3 6 4 5 6
7 10 0 4 5 0 1 4 6 1 5 2 2 6 3 6 6 3 4 6 6 5
7 10 0 4 6 0 4 1 1 6 2 5 5 2 2 6 6 2 3 5 5 3
7 11 0 4 6 0 1 4 4 1 2 5 5 2 2 6 6 2 3 5 5 3 4 6
7 11 4 0 0 6 1 4 4 1 2 5 5 2 2 6 6 2 3 5 5 3 6 4
7 10 0 4 4 0 1 4 4 1 2 5 6 2 5 3 3 6 4 6 6 4
7 11 0 4 6 0 1 4 4 1 2 5 5 2 3 5 5 3 4 6 5 6 6 5
7 11 4 0 0 6 1 4 4 1 2 5 5 2 3 5 5 3 6 4 5 6 6 5
7 8 0 4 6 0 4 1 1 6 2 5 6 2 5 3 3 6
7 12 0 4 4 0 0 6 6 0 1 4 4 1 1 6 6 1 2 5 6 2 5 3 3 6
7 11 0 4 6 0 1 4 6 1 2 5 5 2 2 6 6 2 3 5 5 3 4 6
7 11 4 0 0 6 4 1 1 6 2 5 5 2 2 6 6 2 3 5 5 3 6 4
7 9 0 4 6 0 1 4 4 1 2 5 6 2 5 3 3 6 4 6
7 13 0 4 6 0 1 4 4 1 2 5 5 2 2 6 6 2 3 5 5 3 3 6 6 3 4 6
7 9 4 0 0 6 1 4 4 1 2 5 6 2 5 3 3 6 6 4
7 13 4 0 0 6 1 4 4 1 2 5 5 2 2 6 6 2 3 5 5 3 3 6 6 3 6 4
7 12 0 4 4 0 0 6 6 0 1 4 4 1 2 5 6 2 5 3 3 6 4 6 6 4
7 11 0 4 6 0 1 4 6 1 2 5 5 2 3 5 5 3 4 6 5 6 6 5
7 11 4 0 0 6 4 1 1 6 2 5 5 2 3 5 5 3 6 4 5 6 6 5
7 10 0 4 6 0 1 4 4 1 2 5 6 2 3 5 5 3 4 6 5 6
7 10 0 4 6 0 1 4 4 1 5 2 2 6 3 5 5 3 4 6 6 5
7 10 4 0 0 6 1 4 4 1 5 2 2 6 3 5 5 3 6 4 6 5
7 13 0 4 4 0 0 6 6 0 1 4 4 1 2 5 6 2 3 5 5 3 4 6 6 4 5 6
7 13 0 4 4 0 0 6 6 0 1 4 4 1 5 2 2 6 3 5 5 3 4 6 6 4 6 5
7 9 0 4 6 0 1 4 6 1 2 5 6 2 5 3 3 6 4 6
7 13 0 4 6 0 1 4 6 1 2 5 5 2 2 6 6 2 3 5 5 3 3 6 6 3 4 6
7 9 4 0 0 6 4 1 1 6 2 5 6 2 5 3 3 6 6 4
7 13 4 0 0 6 4 1 1 6 2 5 5 2 2 6 6 2 3 5 5 3 3 6 6 3 6 4
7 14 0 4 4 0 0 6 6 0 1 4 4 1 1 6 6 1 2 5 6 2 5 3 3 6 4 6 6 4
7 10 0 4 6 0 1 4 6 1 2 5 6 2 3 5 5 3 4 6 5 6
7 10 0 4 6 0 1 4 6 1 5 2 2 6 3 5 5 3 4 6 6 5
7 13 0 4 6 0 1 4 6 1 2 5 5 2 2 6 6 2 3 5 5 3 4 6 5 6 6 5
7 10 4 0 0 6 4 1 1 6 2 5 6 2 3 5 5 3 6 4 5 6
7 10 4 0 0 6 4 1 1 6 5 2 2 6 3 5 5 3 6 4 6 5
7 13 4 0 0 6 4 1 1 6 2 5 5 2 2 6 6 2 3 5 5 3 6 4 5 6 6 5
7 15 0 4 4 0 0 6 6 0 1 4 4 1 1 6 6 1 2 5 6 2 3 5 5 3 4 6 6 4 5 6
7 15 0 4 4 0 0 6 6 0 1 4 4 1 1 6 6 1 5 2 2 6 3 5 5 3 4 6 6 4 6 5
7 10 0 4 6 0 1 4 6 1 2 5 6 2 3 5 6 3 4 6 5 6
7 10 0 4 6 0 1 4 6 1 5 2 2 6 5 3 3 6 4 6 6 5
7 10 4 0 0 6 4 1 1 6 5 2 2 6 5 3 3 6 6 4 6 5
7 15 0 4 4 0 0 6 6 0 1 4 4 1 1 6 6 1 2 5 6 2 3 5 6 3 4 6 6 4 5 6
7 15 0 4 4 0 0 6 6 0 1 4 4 1 1 6 6 1 5 2 2 6 5 3 3 6 4 6 6 4 6 5
7 10 0 4 0 5 6 0 4 1 5 1 1 6 2 5 5 2 3 6 6 3
7 10 0 4 5 0 6 0 4 1 1 5 1 6 2 5 5 2 3 6 6 3
7 11 0 4 0 5 6 0 1 4 1 5 6 1 5 2 2 6 3 6 6 3 4 6
7 11 4 0 5 0 0 6 4 1 5 1 1 6 2 5 6 2 3 6 6 3 6 4
7 12 0 4 0 5 6 0 1 4 1 5 6 1 2 5 5 2 3 6 6 3 4 6 5 6
7 12 4 0 5 0 0 6 4 1 5 1 1 6 2 5 5 2 3 6 6 3 6 4 6 5
7 8 0 4 5 0 4 1 1 6 2 5 6 2 3 5 6 3
7 8 0 4 5 0 4 1 1 6 2 5 6 2 5 3 3 6
7 9 0 4 5 0 1 4 6 1 2 5 6 2 3 5 5 3 4 6
7 9 0 4 5 0 1 4 4 1 2 5 6 2 3 5 6 3 4 6
7 9 0 4 5 0 1 4 4 1 2 5 6 2 5 3 3 6 4 6
7 9 4 0 0 5 1 4 4 1 2 5 6 2 5 3 3 6 6 4
7 9 4 0 0 5 1 4 4 1 5 2 2 6 5 3 3 6 6 4
7 9 0 4 0 5 6 0 4 1 1 6 5 2 2 6 5 3 3 6
7 9 4 0 5 0 0 6 1 4 6 1 2 5 6 2 3 5 6 3
7 10 0 4 0 5 6 0 1 4 4 1 5 2 2 6 5 3 3 6 4 6
7 10 4 0 5 0 0 6 1 4 4 1 2 5 6 2 3 5 6 3 6 4
7 9 0 4 5 0 1 4 6 1 2 5 6 2 3 5 6 3 4 6
7 9 0 4 5 0 1 4 6 1 2 5 6 2 5 3 3 6 4 6
7 9 4 0 0 5 4 1 1 6 2 5 6 2 5 3 3 6 6 4
7 9 4 0 0 5 4 1 1 6 5 2 2 6 5 3 3 6 6 4
7 11 0 4 4 0 0 5 6 0 1 4 4 1 2 5 6 2 3 5 6 3 5 6
7 9 0 4 5 0 4 1 1 6 5 2 2 6 5 3 3 6 6 5
7 10 0 4 5 0 1 4 6 1 5 2 2 6 5 3 3 6 4 6 6 5
7 10 4 0 0 5 4 1 1 6 2 5 6 2 3 5 6 3 6 4 5 6
7 12 0 4 5 0 6 0 1 4 5 1 6 1 2 6 6 2 3 6 6 3 4 5 4 6
7 12 4 0 0 5 0 6 4 1 1 5 1 6 2 6 6 2 3 6 6 3 5 4 6 4
7 10 0 4 5 0 4 1 1 6 5 2 2 6 3 6 6 3 4 5 6 4
7 10 4 0 0 5 1 4 6 1 2 5 6 2 3 6 6 3 5 4 4 6
7 9 0 4 6 0 1 4 6 1 2 5 6 2 5 3 3 6 4 5
7 9 0 4 6 0 1 4 6 1 5 2 2 6 5 3 3 6 4 5
7 9 0 4 6 0 4 1 1 6 5 2 2 6 5 3 3 6 4 5
7 10 0 4 6 0 1 4 6 1 2 5 6 2 3 5 5 3 5 4 4 6
7 10 4 0 0 6 4 1 1 6 5 2 2 6 3 5 5 3 4 5 6 4
7 10 0 4 6 0 1 4 4 1 2 5 6 2 3 5 6 3 5 4 4 6
7 10 4 0 0 6 1 4 4 1 5 2 2 6 5 3 3 6 4 5 6 4
7 11 0 4 6 0 1 4 6 1 2 5 5 2 3 5 5 3 5 4 4 6 6 5
7 10 0 4 6 0 1 4 6 1 2 5 6 2 3 5 6 3 5 4 4 6
7 10 4 0 0 6 4 1 1 6 5 2 2 6 5 3 3 6 4 5 6 4
7 11 0 4 0 5 6 0 1 4 1 5 6 1 5 2 2 6 5 3 3 6 4 6
7 11 4 0 5 0 0 6 4 1 5 1 1 6 2 5 6 2 3 5 6 3 6 4
7 11 0 4 5 0 0 6 1 4 5 1 1 6 2 5 6 2 3 6 6 3 4 5
7 11 4 0 0 5 6 0 4 1 1 5 6 1 5 2 2 6 3 6 6 3 5 4
7 11 0 4 0 5 6 0 1 4 1 5 6 1 4 2 5 2 2 6 3 6 6 3
7 11 0 4 0 5 6 0 4 1 5 1 1 6 4 2 5 2 2 6 3 6 6 3
7 11 0 4 5 0 0 6 1 4 5 1 1 6 4 2 2 5 6 2 3 6 6 3
7 11 0 4 5 0 0 6 4 1 1 5 6 1 4 2 2 5 6 2 3 6 6 3
7 13 0 4 0 5 6 0 1 4 1 5 6 1 2 4 2 5 6 2 3 6 6 3 4 6 5 6
7 13 4 0 5 0 0 6 4 1 5 1 1 6 4 2 5 2 2 6 3 6 6 3 6 4 6 5
7 10 0 4 0 5 6 0 1 4 1 5 6 1 4 2 2 6 5 3 3 6
7 10 4 0 5 0 0 6 4 1 5 1 1 6 2 4 6 2 3 5 6 3
7 11 0 4 0 5 6 0 1 4 1 5 6 1 2 4 4 2 5 3 3 6 4 6
7 11 4 0 5 0 0 6 4 1 5 1 1 6 2 4 4 2 3 5 6 3 6 4
7 12 0 4 0 5 6 0 1 4 1 5 6 1 2 4 4 2 3 5 5 3 4 6 5 6
7 12 4 0 5 0 0 6 4 1 5 1 1 6 2 4 4 2 3 5 5 3 6 4 6 5
7 10 0 4 5 0 1 4 5 1 2 4 6 2 5 3 3 6 4 6 6 5
7 12 0 4 0 5 6 0 1 4 1 5 6 1 2 4 2 5 6 2 5 3 3 6 4 6
7 12 4 0 5 0 0 6 4 1 5 1 1 6 4 2 5 2 2 6 3 5 6 3 6 4
7 13 0 4 5 0 6 0 1 4 5 1 6 1 2 4 5 2 6 2 3 6 6 3 4 5 4 6
7 13 4 0 0 5 0 6 4 1 1 5 1 6 4 2 2 5 2 6 3 6 6 3 5 4 6 4
7 12 0 4 0 5 6 0 1 4 1 5 6 1 2 4 2 5 6 2 4 3 5 3 3 6
7 12 0 4 0 5 6 0 1 4 1 5 6 1 4 2 5 2 2 6 4 3 5 3 3 6
7 12 0 4 0 5 6 0 4 1 5 1 1 6 4 2 5 2 2 6 4 3 5 3 3 6
7 14 0 4 0 5 6 0 1 4 1 5 6 1 2 4 2 5 6 2 3 4 3 5 6 3 4 6 5 6
7 14 4 0 5 0 0 6 4 1 5 1 1 6 4 2 5 2 2 6 4 3 5 3 3 6 6 4 6 5
7 11 0 3 6 0 1 4 4 1 1 6 6 1 2 5 5 2 2 6 6 2 3 6
7 10 0 3 6 0 1 4 6 1 2 5 5 2 2 6 6 2 3 6 4 6
7 13 0 3 3 0 0 6 6 0 1 4 6 1 2 5 5 2 2 6 6 2 3 6 6 3 4 6
7 9 0 3 6 0 1 4 6 1 2 5 6 2 3 6 4 6 5 6
7 12 0 3 3 0 0 6 6 0 1 4 6 1 2 5 6 2 3 6 6 3 4 6 5 6
7 15 0 3 3 0 0 6 6 0 1 4 4 1 1 6 6 1 2 5 6 2 3 6 6 3 4 6 6 4 5 6
7 10 0 3 3 0 0 5 6 0 1 4 4 1 1 6 6 1 5 2 2 6
7 10 0 3 3 0 5 0 0 6 1 4 4 1 1 6 6 1 2 5 6 2
7 11 0 3 0 5 5 0 6 0 1 4 4 1 1 6 6 1 2 5 5 2 3 6
7 9 0 3 5 0 1 4 4 1 1 6 6 1 2 5 6 2 3 6
7 11 0 3 3 0 0 5 5 0 0 6 6 0 1 4 6 1 2 5 5 2 4 6
7 11 0 3 3 0 0 5 5 0 1 4 6 1 2 5 5 2 2 6 6 2 4 6
7 11 0 3 3 0 0 5 6 0 1 4 4 1 1 6 6 1 2 5 5 2 5 6
7 10 0 3 0 5 6 0 1 4 4 1 1 6 6 1 5 2 2 6 3 6
7 10 3 0 5 0 0 6 1 4 4 1 1 6 6 1 2 5 6 2 6 3
7 9 0 3 3 0 0 5 6 0 1 4 6 1 5 2 2 6 4 6
7 12 0 3 3 0 0 5 6 0 1 4 4 1 1 6 6 1 5 2 2 6 4 6 6 4
7 9 0 3 3 0 5 0 0 6 1 4 6 1 2 5 6 2 4 6
7 12 0 3 3 0 5 0 0 6 1 4 4 1 1 6 6 1 2 5 6 2 4 6 6 4
7 13 0 3 3 0 0 5 5 0 0 6 6 0 1 4 6 1 2 5 5 2 2 6 6 2 4 6
7 10 0 3 0 5 5 0 6 0 1 4 6 1 2 5 5 2 3 6 4 6
7 13 0 3 0 5 5 0 6 0 1 4 4 1 1 6 6 1 2 5 5 2 3 6 4 6 6 4
7 10 3 0 0 5 5 0 0 6 1 4 6 1 2 5 5 2 6 3 4 6
7 13 3 0 0 5 5 0 0 6 1 4 4 1 1 6 6 1 2 5 5 2 6 3 4 6 6 4
7 13 0 3 3 0 0 5 5 0 0 6 6 0 1 4 6 1 2 5 5 2 3 6 6 3 4 6
7 8 0 3 5 0 1 4 6 1 2 5 6 2 3 6 4 6
7 11 0 3 5 0 1 4 4 1 1 6 6 1 2 5 6 2 3 6 4 6 6 4
7 13 0 3 3 0 0 5 5 0 1 4 6 1 2 5 5 2 2 6 6 2 3 6 6 3 4 6
7 11 0 3 3 0 0 5 6 0 1 4 4 1 1 6 6 1 2 5 6 2 5 6
7 11 0 3 3 0 5 0 0 6 1 4 4 1 1 6 6 1 5 2 2 6 6 5
7 10 0 3 3 0 0 5 6 0 1 4 6 1 2 5 5 2 4 6 5 6
7 13 0 3 3 0 0 5 6 0 1 4 4 1 1 6 6 1 2 5 5 2 4 6 6 4 5 6
7 13 0 3 3 0 0 5 5 0 0 6 6 0 1 4 6 1 2 5 5 2 4 6 5 6 6 5
7 9 0 3 0 5 6 0 1 4 6 1 5 2 2 6 3 6 4 6
7 12 0 3 0 5 6 0 1 4 4 1 1 6 6 1 5 2 2 6 3 6 4 6 6 4
7 9 3 0 5 0 0 6 1 4 6 1 2 5 6 2 6 3 4 6
7 12 3 0 5 0 0 6 1 4 4 1 1 6 6 1 2 5 6 2 6 3 4 6 6 4
7 15 0 3 3 0 0 5 5 0 0 6 6 0 1 4 6 1 2 5 5 2 2 6 6 2 3 6 6 3 4 6
7 10 0 3 3 0 0 5 6 0 1 4 6 1 2 5 6 2 4 6 5 6
7 13 0 3 3 0 0 5 6 0 1 4 4 1 1 6 6 1 2 5 6 2 4 6 6 4 5 6
7 10 0 3 3 0 5 0 0 6 1 4 6 1 5 2 2 6 4 6 6 5
7 13 0 3 3 0 5 0 0 6 1 4 4 1 1 6 6 1 5 2 2 6 4 6 6 4 6 5
7 15 0 3 3 0 0 5 5 0 0 6 6 0 1 4 6 1 2 5 5 2 2 6 6 2 4 6 5 6 6 5
7 17 0 3 3 0 0 5 5 0 0 6 6 0 1 4 6 1 2 5 5 2 2 6 6 2 3 6 6 3 4 6 5 6 6 5
7 11 0 3 5 0 6 0 1 4 4 1 1 6 6 1 2 6 6 2 3 5 3 6
7 10 0 3 5 0 0 6 6 0 1 4 6 1 2 6 6 2 3 5 4 6
7 13 0 3 5 0 0 6 6 0 1 4 4 1 1 6 6 1 2 6 6 2 3 5 4 6 6 4
7 13 0 3 3 0 0 5 5 0 0 6 6 0 1 4 6 1 2 6 6 2 3 5 5 3 4 6
7 10 0 3 5 0 6 0 1 4 6 1 2 6 6 2 3 5 3 6 4 6
7 13 0 3 5 0 6 0 1 4 4 1 1 6 6 1 2 6 6 2 3 5 3 6 4 6 6 4
7 15 0 3 3 0 0 5 5 0 0 6 6 0 1 4 6 1 2 6 6 2 3 5 5 3 3 6 6 3 4 6
7 17 0 3 3 0 0 5 5 0 0 6 6 0 1 4 6 1 2 6 6 2 3 5 5 3 3 6 6 3 4 6 5 6 6 5
7 8 0 3 5 0 1 4 5 1 2 5 6 2 3 6 4 6
7 8 0 3 5 0 4 1 1 5 2 5 6 2 3 6 6 4
7 10 0 3 0 5 6 0 1 4 4 1 5 1 1 6 5 2 2 6 3 6
7 10 3 0 5 0 0 6 1 4 4 1 1 5 6 1 2 5 6 2 6 3
7 10 0 3 0 5 6 0 4 1 5 1 1 6 2 5 5 2 3 6 6 4
7 9 0 3 0 5 6 0 1 4 5 1 5 2 2 6 3 6 4 6
7 9 3 0 5 0 0 6 4 1 1 5 2 5 6 2 6 3 6 4
7 11 0 3 3 0 0 5 6 0 1 4 4 1 1 5 6 1 2 5 6 2 5 6
7 10 0 3 5 0 1 4 4 1 5 1 1 6 5 2 2 6 3 6 6 5
7 9 0 3 5 0 1 4 5 1 5 2 2 6 3 6 4 6 6 5
7 10 0 3 5 0 0 6 1 4 4 1 1 5 6 1 2 6 6 2 3 5
7 10 0 3 5 0 0 6 1 4 1 5 6 1 2 6 6 2 3 5 4 6
7 10 3 0 0 5 6 0 4 1 5 1 1 6 2 6 6 2 5 3 6 4
7 10 0 3 5 0 1 4 6 1 2 5 5 2 2 6 6 2 3 5 4 6
7 13 0 3 3 0 0 5 5 0 1 4 6 1 2 5 5 2 2 6 6 2 3 5 5 3 4 6
7 9 0 3 5 0 0 6 1 4 6 1 2 5 6 2 3 5 4 6
7 12 0 3 5 0 0 6 1 4 4 1 1 6 6 1 2 5 6 2 3 5 4 6 6 4
7 9 3 0 0 5 6 0 1 4 6 1 5 2 2 6 5 3 4 6
7 12 3 0 0 5 6 0 1 4 4 1 1 6 6 1 5 2 2 6 5 3 4 6 6 4
7 15 0 3 3 0 0 5 5 0 0 6 6 0 1 4 6 1 2 5 5 2 2 6 6 2 3 5 5 3 4 6
7 10 0 3 5 0 6 0 1 4 6 1 2 5 5 2 3 5 3 6 4 6
7 13 0 3 5 0 6 0 1 4 4 1 1 6 6 1 2 5 5 2 3 5 3 6 4 6 6 4
7 15 0 3 3 0 0 5 5 0 0 6 6 0 1 4 6 1 2 5 5 2 3 5 5 3 3 6 6 3 4 6
7 10 0 3 5 0 0 6 1 4 6 1 2 5 5 2 3 5 4 6 6 5
7 13 0 3 5 0 0 6 1 4 4 1 1 6 6 1 2 5 5 2 3 5 4 6 6 4 6 5
7 10 3 0 0 5 6 0 1 4 6 1 2 5 5 2 5 3 4 6 5 6
7 13 3 0 0 5 6 0 1 4 4 1 1 6 6 1 2 5 5 2 5 3 4 6 6 4 5 6
7 15 0 3 3 0 0 5 5 0 0 6 6 0 1 4 6 1 2 5 5 2 3 5 5 3 4 6 5 6 6 5
7 9 0 3 5 0 1 4 6 1 2 5 6 2 3 5 4 6 5 6
7 12 0 3 5 0 1 4 6 1 2 5 5 2 2 6 6 2 3 5 4 6 5 6 6 5
7 12 0 3 3 0 0 5 5 0 1 4 6 1 2 5 6 2 3 5 5 3 4 6 5 6
7 12 0 3 3 0 0 5 5 0 1 4 6 1 5 2 2 6 3 5 5 3 4 6 6 5
7 15 0 3 3 0 0 5 5 0 1 4 6 1 2 5 5 2 2 6 6 2 3 5 5 3 4 6 5 6 6 5
7 15 0 3 3 0 0 5 5 0 1 4 4 1 1 6 6 1 2 5 6 2 3 5 5 3 4 6 6 4 5 6
7 17 0 3 3 0 0 5 5 0 0 6 6 0 1 4 6 1 2 5 5 2 2 6 6 2 3 5 5 3 3 6 6 3 4 6
7 17 0 3 3 0 0 5 5 0 0 6 6 0 1 4 6 1 2 5 5 2 2 6 6 2 3 5 5 3 4 6 5 6 6 5
7 17 0 3 3 0 0 5 5 0 0 6 6 0 1 4 6 1 2 5 5 2 3 5 5 3 3 6 6 3 4 6 5 6 6 5
7 19 0 3 3 0 0 5 5 0 0 6 6 0 1 4 6 1 2 5 5 2 2 6 6 2 3 5 5 3 3 6 6 3 4 6 5 6 6 5
7 7 0 3 4 0 1 4 5 1 2 5 6 2 3 6
7 9 0 3 3 0 0 4 6 0 4 1 5 1 1 6 2 5 6 2
7 9 0 3 3 0 4 0 0 6 1 4 1 5 6 1 5 2 2 6
7 10 0 3 0 4 6 0 4 1 1 5 5 1 1 6 2 5 5 2 3 6
7 10 3 0 4 0 0 6 1 4 1 5 5 1 6 1 2 5 5 2 6 3
7 8 0 3 0 4 6 0 4 1 1 5 5 2 2 6 3 6
7 8 0 3 4 0 1 4 1 5 6 1 5 2 2 6 3 6
7 11 0 3 3 0 0 4 6 0 1 4 1 5 5 1 6 1 2 5 5 2 4 6
7 9 0 3 3 0 0 4 6 0 1 4 5 1 2 5 6 2 4 6
7 10 0 3 3 0 0 4 4 0 1 4 1 5 6 1 5 2 2 6 4 6
7 10 0 3 3 0 0 4 6 0 4 1 5 1 1 6 2 5 5 2 6 5
7 10 0 3 3 0 4 0 0 6 1 4 1 5 6 1 2 5 5 2 5 6
7 9 0 3 3 0 0 4 6 0 4 1 1 5 2 5 6 2 5 6
7 9 0 3 3 0 4 0 0 6 1 4 5 1 5 2 2 6 6 5
7 9 0 3 0 4 6 0 4 1 5 1 1 6 2 5 6 2 3 6
7 9 3 0 4 0 0 6 1 4 1 5 6 1 5 2 2 6 6 3
7 10 0 3 0 4 6 0 4 1 5 1 1 6 2 5 5 2 3 6 6 5
7 10 3 0 4 0 0 6 1 4 1 5 6 1 2 5 5 2 6 3 5 6
7 9 0 3 0 4 6 0 4 1 1 5 2 5 6 2 3 6 5 6
7 9 0 3 0 4 6 0 4 1 5 1 1 6 2 6 6 2 3 5
7 9 0 3 4 0 0 6 1 4 5 1 6 1 2 6 6 2 3 5
7 9 0 3 4 0 6 0 1 4 5 1 1 6 2 6 6 2 3 5
7 11 0 3 3 0 0 4 0 5 6 0 1 4 1 5 6 1 5 2 2 6 4 6
7 11 0 3 3 0 4 0 5 0 0 6 4 1 5 1 1 6 2 5 6 2 6 4
7 10 0 3 4 0 5 0 4 1 5 1 1 6 2 5 6 2 3 6 6 4
7 12 0 3 3 0 0 4 0 5 6 0 1 4 1 5 6 1 2 5 5 2 4 6 5 6
7 9 0 3 0 4 6 0 4 1 5 1 1 6 2 5 6 2 3 5
7 10 0 3 3 0 0 6 6 0 1 4 1 5 6 1 4 2 5 2 2 6
7 10 0 3 3 0 0 6 6 0 1 4 5 1 1 6 4 2 2 5 6 2
7 9 0 3 6 0 1 4 5 1 1 6 6 1 4 2 2 5 3 6
7 13 0 3 6 0 1 4 4 1 1 5 5 1 1 6 6 1 2 4 4 2 2 5 5 2 3 6
7 12 0 3 3 0 0 6 6 0 1 4 5 1 1 6 6 1 4 2 2 5 3 6 6 3
7 9 0 3 6 0 1 4 1 5 6 1 4 2 5 2 2 6 3 6
7 9 0 3 6 0 1 4 5 1 1 6 4 2 2 5 6 2 3 6
7 15 0 3 6 0 1 4 4 1 1 5 5 1 1 6 6 1 2 4 4 2 2 5 5 2 2 6 6 2 3 6
7 12 0 3 3 0 0 6 6 0 1 4 1 5 6 1 4 2 5 2 2 6 3 6 6 3
7 12 0 3 3 0 0 6 6 0 1 4 5 1 1 6 4 2 2 5 6 2 3 6 6 3
7 9 0 3 6 0 1 4 5 1 6 1 4 2 2 5 3 6 4 6
7 15 0 3 6 0 1 4 4 1 1 5 5 1 1 6 6 1 2 4 4 2 2 5 5 2 3 6 4 6 6 4
7 12 0 3 3 0 0 6 6 0 1 4 5 1 6 1 4 2 2 5 3 6 6 3 4 6
7 17 0 3 6 0 1 4 4 1 1 5 5 1 1 6 6 1 2 4 4 2 2 5 5 2 2 6 6 2 3 6 4 6 6 4
7 12 0 3 3 0 0 6 6 0 1 4 1 5 6 1 2 4 2 5 6 2 4 6 5 6
7 11 0 3 6 0 1 4 1 5 6 1 2 4 2 5 6 2 3 6 4 6 5 6
7 19 0 3 6 0 1 4 4 1 1 5 5 1 1 6 6 1 2 4 4 2 2 5 5 2 2 6 6 2 3 6 4 6 6 4 5 6 6 5
7 14 0 3 3 0 0 6 6 0 1 4 1 5 6 1 2 4 2 5 6 2 3 6 6 3 4 6 5 6
7 9 0 3 0 5 6 0 1 4 5 1 2 4 5 2 3 6 4 6
7 9 0 3 0 5 6 0 1 4 5 1 4 2 2 5 3 6 4 6
7 11 0 3 3 0 0 5 6 0 4 1 5 1 1 6 4 2 5 2 2 6 6 4
7 11 0 3 3 0 5 0 0 6 1 4 1 5 6 1 2 4 2 5 6 2 4 6
7 10 0 3 5 0 1 4 1 5 6 1 2 4 2 5 6 2 3 6 4 6
7 10 3 0 0 5 4 1 5 1 1 6 4 2 5 2 2 6 6 3 6 4
7 11 0 3 0 5 6 0 4 1 5 1 1 6 4 2 5 2 2 6 3 6 6 4
7 11 3 0 5 0 0 6 1 4 1 5 6 1 2 4 2 5 6 2 6 3 4 6
7 9 0 3 5 0 0 6 1 4 1 5 6 1 4 2 2 6 3 5
7 10 0 3 5 0 0 6 1 4 1 5 6 1 2 4 4 2 3 5 4 6
7 9 0 3 5 0 0 6 4 1 1 5 4 2 2 6 3 5 6 4
7 10 0 3 0 5 6 0 4 1 1 5 2 4 6 2 3 6 5 4 4 6
7 17 0 3 6 0 1 4 4 1 1 5 5 1 1 6 6 1 2 4 4 2 2 5 5 2 2 6 6 2 3 6 4 5 5 4
7 12 0 3 3 0 0 6 6 0 1 4 5 1 6 1 2 4 5 2 6 2 4 5 4 6
7 12 0 3 3 0 0 6 6 0 4 1 1 5 1 6 4 2 2 5 2 6 5 4 6 4
7 17 0 3 6 0 1 4 4 1 1 5 5 1 1 6 6 1 2 4 4 2 2 5 5 2 3 6 4 5 5 4 4 6 6 4
7 10 0 3 6 0 1 4 5 1 2 4 5 2 3 6 4 5 6 4 5 6
7 17 0 3 6 0 1 4 4 1 1 5 5 1 2 4 4 2 2 5 5 2 3 6 4 5 5 4 4 6 6 4 5 6 6 5
7 13 0 3 3 0 0 6 6 0 1 4 5 1 2 4 5 2 3 6 6 3 4 5 6 4 5 6
7 11 0 3 6 0 1 4 5 1 6 1 2 4 5 2 6 2 3 6 4 5 4 6
7 11 0 3 6 0 4 1 1 5 1 6 4 2 2 5 2 6 3 6 5 4 6 4
7 19 0 3 6 0 1 4 4 1 1 5 5 1 1 6 6 1 2 4 4 2 2 5 5 2 2 6 6 2 3 6 4 5 5 4 4 6 6 4
7 14 0 3 3 0 0 6 6 0 1 4 5 1 6 1 2 4 5 2 6 2 3 6 6 3 4 5 4 6
7 14 0 3 3 0 0 6 6 0 4 1 1 5 1 6 4 2 2 5 2 6 3 6 6 3 5 4 6 4
7 19 0 3 6 0 1 4 4 1 1 5 5 1 1 6 6 1 2 4 4 2 2 5 5 2 3 6 4 5 5 4 4 6 6 4 5 6 6 5
7 21 0 3 6 0 1 4 4 1 1 5 5 1 1 6 6 1 2 4 4 2 2 5 5 2 2 6 6 2 3 6 4 5 5 4 4 6 6 4 5 6 6 5
7 10 0 3 5 0 0 6 4 1 1 6 4 2 2 6 3 5 4 5 6 4
7 11 0 3 0 5 6 0 1 4 5 1 1 6 2 4 5 2 2 6 3 6 4 5
7 11 3 0 5 0 0 6 4 1 1 5 6 1 4 2 2 5 6 2 6 3 5 4
7 11 0 3 4 0 6 0 1 5 5 1 1 6 6 1 2 5 5 2 3 4 3 6
7 10 0 3 4 0 0 6 6 0 1 5 6 1 2 5 5 2 3 4 5 6
7 10 0 3 4 0 0 6 6 0 5 1 1 6 2 5 5 2 3 4 6 5
7 13 0 3 4 0 0 6 6 0 1 5 5 1 1 6 6 1 2 5 5 2 3 4 5 6 6 5
7 13 0 3 3 0 0 4 4 0 0 6 6 0 1 5 6 1 2 5 5 2 3 4 4 3 5 6
7 13 0 3 3 0 0 4 4 0 0 6 6 0 5 1 1 6 2 5 5 2 3 4 4 3 6 5
7 11 0 3 4 0 6 0 1 5 5 1 2 5 5 2 3 4 3 6 5 6 6 5
7 9 0 3 4 0 6 0 1 5 6 1 5 2 2 6 3 4 3 6
7 13 0 3 4 0 6 0 1 5 5 1 1 6 6 1 2 5 5 2 2 6 6 2 3 4 3 6
7 14 0 3 3 0 0 4 4 0 0 6 6 0 1 5 6 1 5 2 2 6 3 4 4 3 3 6 6 3
7 10 0 3 4 0 0 6 6 0 1 5 6 1 2 5 6 2 3 4 5 6
7 10 0 3 4 0 0 6 6 0 5 1 1 6 5 2 2 6 3 4 6 5
7 15 0 3 4 0 0 6 6 0 1 5 5 1 1 6 6 1 2 5 5 2 2 6 6 2 3 4 5 6 6 5
7 13 0 3 3 0 0 4 4 0 0 6 6 0 1 5 6 1 2 5 6 2 3 4 4 3 5 6
7 13 0 3 3 0 0 4 4 0 0 6 6 0 5 1 1 6 5 2 2 6 3 4 4 3 6 5
7 10 0 3 4 0 6 0 1 5 6 1 2 5 5 2 3 4 3 6 5 6
7 10 0 3 4 0 6 0 5 1 1 6 2 5 5 2 3 4 3 6 6 5
7 13 0 3 4 0 6 0 1 5 5 1 1 6 6 1 2 5 5 2 3 4 3 6 5 6 6 5
7 15 0 3 3 0 0 4 4 0 0 6 6 0 1 5 6 1 2 5 5 2 3 4 4 3 3 6 6 3 5 6
7 15 0 3 3 0 0 4 4 0 0 6 6 0 5 1 1 6 2 5 5 2 3 4 4 3 3 6 6 3 6 5
7 16 0 3 3 0 0 4 4 0 0 6 6 0 1 5 6 1 5 2 2 6 3 4 4 3 3 6 6 3 4 6 6 4
7 10 0 3 4 0 6 0 1 5 6 1 2 5 6 2 3 4 3 6 5 6
7 10 0 3 4 0 6 0 5 1 1 6 5 2 2 6 3 4 3 6 6 5
7 15 0 3 4 0 6 0 1 5 5 1 1 6 6 1 2 5 5 2 2 6 6 2 3 4 3 6 5 6 6 5
7 15 0 3 3 0 0 4 4 0 0 6 6 0 1 5 6 1 2 5 6 2 3 4 4 3 3 6 6 3 5 6
7 15 0 3 3 0 0 4 4 0 0 6 6 0 5 1 1 6 5 2 2 6 3 4 4 3 3 6 6 3 6 5
7 17 0 3 3 0 0 4 4 0 0 6 6 0 1 5 6 1 2 5 5 2 3 4 4 3 3 6 6 3 4 6 6 4 5 6
7 17 0 3 3 0 0 4 4 0 0 6 6 0 5 1 1 6 2 5 5 2 3 4 4 3 3 6 6 3 4 6 6 4 6 5
7 17 0 3 3 0 0 4 4 0 0 6 6 0 1 5 6 1 2 5 6 2 3 4 4 3 3 6 6 3 4 6 6 4 5 6
7 17 0 3 3 0 0 4 4 0 0 6 6 0 5 1 1 6 5 2 2 6 3 4 4 3 3 6 6 3 4 6 6 4 6 5
7 11 0 3 0 4 0 5 6 0 4 1 5 1 1 6 4 2 5 2 2 6 3 6
7 13 0 3 3 0 0 4 0 5 6 0 1 4 1 5 6 1 2 4 2 5 6 2 4 6 5 6
7 13 0 3 3 0 4 0 5 0 0 6 4 1 5 1 1 6 4 2 5 2 2 6 6 4 6 5
7 12 0 3 4 0 5 0 4 1 5 1 1 6 4 2 5 2 2 6 3 6 6 4 6 5
7 12 3 0 0 4 0 5 1 4 1 5 6 1 2 4 2 5 6 2 6 3 4 6 5 6
7 10 0 3 0 4 6 0 4 1 5 1 1 6 4 2 5 2 2 6 3 5
7 10 0 3 4 0 6 0 1 4 5 1 1 6 2 4 5 2 2 6 3 5
7 10 0 3 4 0 6 0 1 4 5 1 1 6 4 2 2 5 6 2 3 5
7 14 0 3 0 4 5 0 6 0 1 3 1 4 5 1 6 1 2 6 6 2 3 5 3 6 4 5 4 6
7 10 0 3 4 0 1 3 1 5 6 1 4 2 5 2 2 6 3 6 6 4
7 12 0 3 0 4 0 5 6 0 1 3 1 4 1 5 6 1 4 2 5 2 2 6 3 6
7 12 3 0 4 0 5 0 0 6 3 1 4 1 5 1 1 6 2 4 2 5 6 2 6 3
7 15 0 3 0 4 0 5 6 0 1 3 1 4 1 5 6 1 2 3 2 4 2 5 6 2 3 6 4 6 5 6
7 16 0 3 0 4 5 0 6 0 1 3 1 4 5 1 6 1 2 3 2 4 5 2 6 2 3 5 3 6 4 5 4 6
7 10 0 2 4 0 6 0 1 3 5 1 1 6 6 1 2 4 2 6 3 5
7 13 0 2 4 0 6 0 1 3 3 1 1 5 5 1 1 6 6 1 2 4 2 6 3 5 5 3
7 15 0 2 2 0 0 4 4 0 0 6 6 0 1 3 5 1 1 6 6 1 2 4 4 2 2 6 6 2 3 5
7 10 0 2 4 0 6 0 1 3 5 1 6 1 2 4 2 6 3 5 3 6
7 15 0 2 2 0 0 4 4 0 0 6 6 0 1 3 5 1 6 1 2 4 4 2 2 6 6 2 3 5 3 6
7 17 0 2 2 0 0 4 4 0 0 6 6 0 1 3 5 1 1 6 6 1 2 4 4 2 2 6 6 2 3 5 4 6 6 4
7 17 0 2 2 0 0 4 4 0 0 6 6 0 1 3 5 1 6 1 2 4 4 2 2 6 6 2 3 5 3 6 4 6 6 4
7 19 0 2 4 0 0 5 5 0 0 6 6 0 1 3 3 1 1 5 5 1 1 6 6 1 2 4 3 5 5 3 3 6 6 3 5 6 6 5
7 21 0 2 2 0 0 4 4 0 0 5 5 0 0 6 6 0 1 3 6 1 2 4 4 2 2 5 5 2 2 6 6 2 3 6 4 5 5 4 4 6 6 4
7 23 0 2 2 0 0 4 4 0 0 5 5 0 0 6 6 0 1 3 6 1 2 4 4 2 2 5 5 2 2 6 6 2 3 6 4 5 5 4 4 6 6 4 5 6 6 5
